00000000000000000000000000000101
00000000000000000000000000001010
00000000000000000000000000001111
00000000000000000000000000010100
00000000000000000000000000011001
00000000000000000000000000011110
00000000000000000000000000100011
00000000000000000000000000101000
00000000000000000000000000101101
00000000000000000000000000110010
00000000000000000000000000110111
00000000000000000000000000111100
00000000000000000000000001000001
00000000000000000000000001000110
00000000000000000000000001001011
00000000000000000000000001010000
00000000000000000000000000000101
00000000000000000000000000001010
00000000000000000000000000001111
00000000000000000000000000010100
00000000000000000000000000011001
00000000000000000000000000011110
00000000000000000000000000100011
00000000000000000000000000101000
00000000000000000000000000101101
00000000000000000000000000110010
00000000000000000000000000110111
00000000000000000000000000111100
00000000000000000000000001000001
00000000000000000000000001000110
00000000000000000000000001001011
00000000000000000000000001010000
