00000000000000000000000000000111
00000000000000000000000000001000
00000000000000000000000000010001
00000000000000000000000000010010
00000000000000000000000000011011
00000000000000000000000000011100
00000000000000000000000000100101
00000000000000000000000000100110
00000000000000000000000000101111
00000000000000000000000000110000
00000000000000000000000000111001
00000000000000000000000000111010
00000000000000000000000001000011
00000000000000000000000001000100
00000000000000000000000001001101
00000000000000000000000001001110
00000000000000000000000000000111
00000000000000000000000000001000
00000000000000000000000000010001
00000000000000000000000000010010
00000000000000000000000000011011
00000000000000000000000000011100
00000000000000000000000000100101
00000000000000000000000000100110
00000000000000000000000000101111
00000000000000000000000000110000
00000000000000000000000000111001
00000000000000000000000000111010
00000000000000000000000001000011
00000000000000000000000001000100
00000000000000000000000001001101
00000000000000000000000001001110
